after initialization
  0, 0   0, 6   0, 0   1, 5   0, 6 
  0, 8   0, 8   4, 2   1, 0   0, 0 
  0, 0   3, 6   0, 0   0, 0   0, 0 
  0, 3   0, 0   0, 0   0, 7   0, 0 
  8, 0   0, 2   0, 4   0, 6   0, 4 
  0, 0   0, 0   0, 4   0, 0   0, 0 
GENERATION : 0
after rabbits die of old age and breed
  0, 0   0, 6   0, 0   1, 5   0, 6 
  0, 8   0, 8   4, 2   1, 0   0, 0 
  0, 0   3, 6   0, 0   0, 0   0, 0 
  0, 3   0, 0   0, 0   0, 7   0, 0 
  8, 0   0, 2   0, 4   0, 6   0, 4 
  0, 0   0, 0   0, 4   0, 0   0, 0 
after foxes eat rabbits
  0, 0   0, 6   0, 0   1, 5   0, 6 
  0, 8   0, 8   4, 0   1, 0   0, 0 
  0, 0   3, 4   0, 0   0, 0   0, 0 
  0, 3   0, 0   0, 0   0, 7   0, 0 
  8, 0   0, 2   0, 4   0, 6   0, 4 
  0, 0   0, 0   0, 4   0, 0   0, 0 
after foxes move
  0, 0   0, 6   0, 0   1, 5   0, 6 
  0, 8   0, 8   4, 0   1, 0   0, 0 
  0, 0   3, 4   0, 0   0, 0   0, 0 
  0, 3   0, 0   0, 0   0, 7   0, 0 
  8, 0   0, 2   0, 4   0, 6   0, 4 
  0, 0   0, 0   0, 4   0, 0   0, 0 
GENERATION : 1
after rabbits die of old age and breed
  0, 0   0, 5   0, 0   1, 5   0, 6 
  0, 7   0, 7   4, 0   1, 0   0, 0 
  0, 0   3, 4   0, 0   0, 0   0, 0 
  0, 3   0, 0   0, 0   0, 7   0, 0 
  8, 0   0, 2   0, 4   0, 6   0, 4 
  0, 0   0, 0   0, 4   0, 0   0, 0 
after foxes eat rabbits
  0, 0   0, 5   0, 0   1, 5   0, 6 
  0, 7   0, 7   4, 0   1, 0   0, 0 
  0, 0   3, 4   0, 0   0, 0   0, 0 
  0, 3   0, 0   0, 0   0, 7   0, 0 
  8, 0   0, 2   0, 4   0, 6   0, 4 
  0, 0   0, 0   0, 4   0, 0   0, 0 
after foxes move
  0, 0   0, 5   0, 0   1, 5   0, 6 
  0, 7   0, 7   4, 0   1, 0   0, 0 
  0, 0   3, 4   0, 0   0, 0   0, 0 
  0, 3   0, 0   0, 0   0, 7   0, 0 
  8, 0   0, 2   0, 4   0, 6   0, 4 
  0, 0   0, 0   0, 4   0, 0   0, 0 
GENERATION : 2
after rabbits die of old age and breed
  0, 0   0, 2   0, 0   1, 5   0, 6 
  0, 5   0, 5   4, 0   1, 0   0, 0 
  0, 0   3, 4   0, 0   0, 0   0, 0 
  0, 3   0, 0   0, 0   0, 7   0, 0 
  8, 0   0, 2   0, 4   0, 6   0, 4 
  0, 0   0, 0   0, 4   0, 0   0, 0 
after foxes eat rabbits
  0, 0   0, 2   0, 0   1, 5   0, 6 
  0, 5   0, 5   4, 0   1, 0   0, 0 
  0, 0   3, 4   0, 0   0, 0   0, 0 
  0, 3   0, 0   0, 0   0, 7   0, 0 
  8, 0   0, 2   0, 4   0, 6   0, 4 
  0, 0   0, 0   0, 4   0, 0   0, 0 
after foxes move
  0, 0   0, 2   0, 0   1, 5   0, 6 
  0, 5   0, 5   4, 0   1, 0   0, 0 
  0, 0   3, 4   0, 0   0, 0   0, 0 
  0, 3   0, 0   0, 0   0, 7   0, 0 
  8, 0   0, 2   0, 4   0, 6   0, 4 
  0, 0   0, 0   0, 4   0, 0   0, 0 
GENERATION : 3
after rabbits die of old age and breed
  0, 0   0, 0   0, 0   1, 4   0, 6 
  0, 3   0, 2   4, 0   1, 0   0, 0 
  0, 0   3, 4   0, 0   0, 0   0, 0 
  0, 3   0, 0   0, 0   0, 6   0, 0 
  8, 0   0, 2   0, 4   0, 6   0, 2 
  0, 0   0, 0   0, 4   0, 0   0, 0 
after foxes eat rabbits
  0, 0   0, 0   0, 0   1, 4   0, 6 
  0, 3   0, 2   4, 0   1, 0   0, 0 
  0, 0   3, 4   0, 0   0, 0   0, 0 
  0, 3   0, 0   0, 0   0, 6   0, 0 
  8, 0   0, 2   0, 4   0, 6   0, 2 
  0, 0   0, 0   0, 4   0, 0   0, 0 
after foxes move
  0, 0   0, 0   0, 0   1, 4   0, 6 
  0, 3   0, 2   4, 0   1, 0   0, 0 
  0, 0   3, 4   0, 0   0, 0   0, 0 
  0, 3   0, 0   0, 0   0, 6   0, 0 
  8, 0   0, 2   0, 4   0, 6   0, 2 
  0, 0   0, 0   0, 4   0, 0   0, 0 
GENERATION : 4
after rabbits die of old age and breed
  0, 0   0, 0   0, 0   1, 2   0, 6 
  0, 1   0, 0   4, 0   1, 0   0, 0 
  0, 0   3, 4   0, 0   0, 0   0, 0 
  0, 0   0, 0   0, 0   0, 4   0, 0 
  8, 0   0, 2   0, 4   0, 6   0, 0 
  0, 0   0, 0   0, 4   0, 0   0, 0 
after foxes eat rabbits
  0, 0   0, 0   0, 0   1, 2   0, 6 
  0, 1   0, 0   4, 0   1, 0   0, 0 
  0, 0   3, 4   0, 0   0, 0   0, 0 
  0, 0   0, 0   0, 0   0, 4   0, 0 
  8, 0   0, 2   0, 4   0, 6   0, 0 
  0, 0   0, 0   0, 4   0, 0   0, 0 
after foxes move
  0, 0   0, 0   0, 0   1, 2   0, 6 
  0, 1   0, 0   4, 0   1, 0   0, 0 
  0, 0   3, 4   0, 0   0, 0   0, 0 
  0, 0   0, 0   0, 0   0, 4   0, 0 
  8, 0   0, 2   0, 4   0, 6   0, 0 
  0, 0   0, 0   0, 4   0, 0   0, 0 
